0	0.666
0.01	1.833
0.02	2.279
0.03	2.905
0.04	5.828
0.05	10.296
0.06	11.122
0.07	5.447
0.08	-2.509
0.09	-5.317
0.1	-2.138
0.11	2.102
0.12	4.654
0.13	6.415
0.14	7.381
0.15	6.637
0.16	4.926
0.17	4.536
0.18	5.262
0.19	5.074
0.2	3.392
0.21	2.333
0.22	2.743
0.23	3.417
0.24	3.293
0.25	2.903
0.26	2.609
0.27	2.469
0.28	2.695
0.29	3.67
0.3	4.961
0.31	6.492
0.32	8.461
0.33	10.799
0.34	11.906
0.35	10.98
0.36	9.004
0.37	7.457
0.38	6.594
0.39	6.517
0.4	7.238
0.41	7.404
0.42	5.549
0.43	3.148
0.44	3.173
0.45	5.303
0.46	6.171
0.47	5.063
0.48	4.564
0.49	5.699
0.5	6.579
0.51	6.28
0.52	5.978
0.53	6.233
0.54	6.356
0.55	5.928
0.56	4.916
0.57	2.618
0.58	-0.702
0.59	-3.174
0.6	-3.774
0.61	-3.886
0.62	-4.484
0.63	-4.835
0.64	-4.464
0.65	-4.095
0.66	-3.507
0.67	-2
0.68	-0.414
0.69	-0.266
0.7	-0.596
0.71	0.637
0.72	2.441
0.73	2.069
0.74	-0.367
0.75	-1.736
0.76	-1.103
0.77	-0.276
0.78	-0.026
0.79	1.005
0.8	2.885
0.81	3.644
0.82	2.904
0.83	2.498
0.84	3.116
0.85	3.143
0.86	2.17
0.87	2.217
0.88	4.19
0.89	5.979
0.9	5.341
0.91	2.637
0.92	-0.511
0.93	-2.754
0.94	-3.297
0.95	-2.644
0.96	-2.576
0.97	-3.645
0.98	-3.753
0.99	-1.685
1	0.525
1.01	0.414
1.02	-1.133
1.03	-2.9
1.04	-5.403
1.05	-8.608
1.06	-9.739
1.07	-7.926
1.08	-5.132
1.09	-2.076
1.1	3.422
1.11	11.162
1.12	17.245
1.13	19.816
1.14	21.276
1.15	23.065
1.16	22.444
1.17	17.742
1.18	10.872
1.19	4.003
1.2	-3.056
1.21	-10.102
1.22	-15.971
1.23	-20.231
1.24	-24.147
1.25	-28.687
1.26	-34.174
1.27	-39.858
1.28	-43.647
1.29	-42.837
1.3	-37.397
1.31	-29.516
1.32	-20.378
1.33	-10.38
1.34	-2.545
1.35	-0.718
1.36	-3.736
1.37	-6.13
1.38	-5.447
1.39	-3.53
1.4	-1.247
1.41	2.864
1.42	7.682
1.43	10.062
1.44	10.069
1.45	11.56
1.46	15.982
1.47	20.704
1.48	22.513
1.49	20.348
1.5	14.263
1.51	5.289
1.52	-5.606
1.53	-17.961
1.54	-30.877
1.55	-40.944
1.56	-45.301
1.57	-45.704
1.58	-46.258
1.59	-46.56
1.6	-42.382
1.61	-31.921
1.62	-18.17
1.63	-4.868
1.64	5.448
1.65	11.145
1.66	11.035
1.67	5.86
1.68	-2.862
1.69	-13.126
1.7	-22.642
1.71	-30.043
1.72	-37.946
1.73	-48.973
1.74	-60.653
1.75	-67.225
1.76	-67.346
1.77	-64.35
1.78	-60.114
1.79	-52.467
1.8	-39.792
1.81	-24.029
1.82	-7.791
1.83	7.391
1.84	19.019
1.85	24.278
1.86	23.3
1.87	18.591
1.88	11.354
1.89	1.919
1.9	-8.691
1.91	-19.516
1.92	-30.275
1.93	-38.584
1.94	-40.135
1.95	-34.778
1.96	-28.669
1.97	-25.913
1.98	-22.89
1.99	-15.674
2	-8.581
2.01	-7.597
2.02	-10.345
2.03	-8.582
2.04	0.385
2.05	11.681
2.06	19.36
2.07	20.879
2.08	16.713
2.09	9.571
2.1	2.595
2.11	-3.594
2.12	-11.379
2.13	-22.347
2.14	-35.16
2.15	-46.045
2.16	-51.475
2.17	-49.338
2.18	-41.292
2.19	-31.225
2.2	-21.829
2.21	-12.671
2.22	-2.993
2.23	7.243
2.24	18.327
2.25	30.223
2.26	40.836
2.27	48.002
2.28	52.099
2.29	54.172
2.3	53.729
2.31	50.346
2.32	45.276
2.33	39.255
2.34	32.907
2.35	28.419
2.36	27.584
2.37	26.717
2.38	20.383
2.39	9.193
2.4	-1.523
2.41	-11.104
2.42	-22.067
2.43	-30.861
2.44	-28.789
2.45	-14.84
2.46	1.191
2.47	10.231
2.48	12.549
2.49	11.548
2.5	5.576
2.51	-8.909
2.52	-30.043
2.53	-50.374
2.54	-62.924
2.55	-64.999
2.56	-57.471
2.57	-43.107
2.58	-25.53
2.59	-8.074
2.6	7.372
2.61	18.772
2.62	23.079
2.63	18.886
2.64	9.816
2.65	2.369
2.66	0.928
2.67	6.338
2.68	18.433
2.69	36.491
2.7	57.529
2.71	77.625
2.72	94.346
2.73	105.91
2.74	109.04
2.75	102
2.76	88.38
2.77	75.718
2.78	69.018
2.79	67.601
2.8	68.002
2.81	69.203
2.82	73.509
2.83	82.358
2.84	92.637
2.85	99.006
2.86	99.954
2.87	99.057
2.88	99.027
2.89	97.321
2.9	90.314
2.91	78.772
2.92	65.998
2.93	52.693
2.94	36.192
2.95	15.073
2.96	-8.944
2.97	-33.827
2.98	-59.932
2.99	-85.679
3	-103.39
3.01	-103.98
3.02	-86.719
3.03	-60.291
3.04	-32.966
3.05	-7.695
3.06	14.04
3.07	29.704
3.08	40.841
3.09	52.197
3.1	65.463
3.11	78.073
3.12	89.581
3.13	101.22
3.14	110.56
3.15	113.81
3.16	113.97
3.17	117.84
3.18	125.19
3.19	130.19
3.2	132.17
3.21	135.62
3.22	140.43
3.23	142.37
3.24	140.9
3.25	139.89
3.26	140.77
3.27	142.8
3.28	146.92
3.29	154.46
3.3	162.18
3.31	165.25
3.32	161.41
3.33	149.33
3.34	126.77
3.35	94.221
3.36	57.321
3.37	22.112
3.38	-10.049
3.39	-41.834
3.4	-76.485
3.41	-115.36
3.42	-156.48
3.43	-195.19
3.44	-229.21
3.45	-260.29
3.46	-289.19
3.47	-309.7
3.48	-313.19
3.49	-298.03
3.5	-271.88
3.51	-241.15
3.52	-202.6
3.53	-148.48
3.54	-79.617
3.55	-8.536
3.56	50.738
3.57	92.787
3.58	117.72
3.59	123.99
3.6	109.56
3.61	77.402
3.62	34.323
3.63	-14.641
3.64	-66.922
3.65	-118.69
3.66	-163.48
3.67	-197.32
3.68	-221.29
3.69	-238.62
3.7	-249.86
3.71	-254.1
3.72	-251.61
3.73	-243.94
3.74	-231.45
3.75	-214.57
3.76	-195.57
3.77	-175.74
3.78	-150.29
3.79	-111.3
3.8	-56.163
3.81	9.454
3.82	76.923
3.83	138.33
3.84	187.32
3.85	220.52
3.86	239.68
3.87	248.43
3.88	248.75
3.89	240.86
3.9	224.94
3.91	200.24
3.92	166.44
3.93	126.74
3.94	86.446
3.95	46.699
3.96	4.849
3.97	-37.671
3.98	-73.196
3.99	-96.76
4	-111.49
4.01	-121.99
4.02	-126.76
4.03	-122.17
4.04	-110.81
4.05	-100.58
4.06	-95.615
4.07	-92.303
4.08	-85.616
4.09	-74.807
4.1	-60.828
4.11	-41.641
4.12	-14.043
4.13	20.591
4.14	56.618
4.15	90.137
4.16	123.07
4.17	158.08
4.18	193.23
4.19	221.93
4.2	237.26
4.21	234.14
4.22	211.54
4.23	174.3
4.24	132.13
4.25	93.266
4.26	59.068
4.27	26.529
4.28	-4.578
4.29	-31.281
4.3	-53.229
4.31	-73.565
4.32	-94.356
4.33	-114.65
4.34	-132.94
4.35	-147.11
4.36	-153.9
4.37	-152.22
4.38	-146.85
4.39	-143.97
4.4	-143.9
4.41	-142.01
4.42	-135.37
4.43	-124.11
4.44	-109.03
4.45	-92.989
4.46	-81.12
4.47	-76.039
4.48	-75.021
4.49	-75.631
4.5	-78.592
4.51	-83.736
4.52	-87.615
4.53	-89.474
4.54	-93.055
4.55	-100.54
4.56	-110.16
4.57	-121.14
4.58	-134.44
4.59	-147.5
4.6	-155.14
4.61	-156.68
4.62	-156.02
4.63	-154.04
4.64	-147.39
4.65	-135.68
4.66	-122.61
4.67	-110.22
4.68	-97.006
4.69	-82.063
4.7	-65.721
4.71	-47.131
4.72	-25.377
4.73	-2.223
4.74	19.618
4.75	39.914
4.76	59.079
4.77	75.238
4.78	85.771
4.79	91.312
4.8	93.37
4.81	90.591
4.82	79.9
4.83	61.913
4.84	40.448
4.85	18.506
4.86	-3.251
4.87	-23.016
4.88	-36.86
4.89	-42.603
4.9	-42.137
4.91	-38.359
4.92	-31.924
4.93	-24.565
4.94	-20.472
4.95	-21.365
4.96	-21.661
4.97	-14.459
4.98	0.558
4.99	19.055
5	39.398
5.01	62.481
5.02	85.657
5.03	104.14
5.04	116.83
5.05	125.43
5.06	129.6
5.07	128.43
5.08	125.28
5.09	125.05
5.1	128.78
5.11	134.52
5.12	142.63
5.13	153.89
5.14	165.5
5.15	173.79
5.16	179.3
5.17	184.42
5.18	188.72
5.19	190.37
5.2	189.24
5.21	185.84
5.22	179.03
5.23	168.05
5.24	153.49
5.25	135.26
5.26	111.52
5.27	81.842
5.28	48.484
5.29	13.798
5.3	-21.264
5.31	-55.143
5.32	-84.441
5.33	-106.07
5.34	-118.39
5.35	-120.79
5.36	-113.77
5.37	-98.858
5.38	-77.466
5.39	-51.666
5.4	-25.451
5.41	-3.195
5.42	13.69
5.43	26.121
5.44	34.789
5.45	40.55
5.46	46.986
5.47	57.928
5.48	72.377
5.49	86.231
5.5	98.55
5.51	111.65
5.52	124.61
5.53	133.19
5.54	135.97
5.55	135.99
5.56	134.53
5.57	128.96
5.58	117.16
5.59	100.25
5.6	79.025
5.61	53.235
5.62	24.71
5.63	-2.785
5.64	-28.135
5.65	-52.182
5.66	-73.575
5.67	-89.76
5.68	-102.05
5.69	-113.36
5.7	-121.83
5.71	-122.78
5.72	-116.45
5.73	-106.63
5.74	-94.147
5.75	-78.123
5.76	-62.032
5.77	-50.854
5.78	-43.716
5.79	-35.815
5.8	-26.393
5.81	-17.474
5.82	-6.641
5.83	10.678
5.84	32.461
5.85	51.143
5.86	62.995
5.87	70.725
5.88	76.683
5.89	79.177
5.9	76.71
5.91	71.087
5.92	65.171
5.93	60.094
5.94	56.081
5.95	53.311
5.96	52.341
5.97	52.915
5.98	53.959
5.99	53.263
6	49.006
6.01	40.84
6.02	30.811
6.03	21.3
6.04	13.307
6.05	6.148
6.06	-0.887
6.07	-7.5
6.08	-12.878
6.09	-17.212
6.1	-21.587
6.11	-25.94
6.12	-29.323
6.13	-32.668
6.14	-38.722
6.15	-47.493
6.16	-55.531
6.17	-60.824
6.18	-64.878
6.19	-68.155
6.2	-67.673
6.21	-61.642
6.22	-52.255
6.23	-41.898
6.24	-30.415
6.25	-18.382
6.26	-7.995
6.27	0.269
6.28	8.496
6.29	17.225
6.3	25.419
6.31	33.369
6.32	42.747
6.33	52.722
6.34	60.877
6.35	66.398
6.36	70.54
6.37	73.859
6.38	75.792
6.39	75.073
6.4	69.733
6.41	57.662
6.42	39.279
6.43	17.752
6.44	-3.707
6.45	-24.229
6.46	-43.859
6.47	-61.416
6.48	-74.28
6.49	-80.837
6.5	-81.835
6.51	-78.528
6.52	-70.329
6.53	-56.402
6.54	-38.843
6.55	-21.519
6.56	-6.878
6.57	3.602
6.58	7.368
6.59	3.072
6.6	-6.686
6.61	-17.646
6.62	-27.781
6.63	-36.687
6.64	-43.12
6.65	-45.707
6.66	-44.687
6.67	-40.708
6.68	-34.046
6.69	-26.185
6.7	-20.033
6.71	-17.621
6.72	-19.585
6.73	-25.821
6.74	-35.218
6.75	-45.811
6.76	-56.622
6.77	-67.852
6.78	-79.193
6.79	-89.351
6.8	-97.859
6.81	-104.43
6.82	-107.86
6.83	-107.32
6.84	-105.09
6.85	-103.61
6.86	-102.45
6.87	-99.743
6.88	-96.354
6.89	-94.309
6.9	-93.878
6.91	-93.289
6.92	-91.5
6.93	-88.347
6.94	-83.883
6.95	-77.507
6.96	-69.112
6.97	-58.289
6.98	-45.506
6.99	-31.83
7	-19.503
7.01	-9.339
7.02	-1.216
7.03	6.384
7.04	14.222
7.05	22.05
7.06	29.108
7.07	35.87
7.08	42.977
7.09	49.409
7.1	53.346
7.11	54.105
7.12	51.912
7.13	45.437
7.14	33.036
7.15	15.441
7.16	-4.057
7.17	-22.959
7.18	-40.386
7.19	-56.078
7.2	-69.183
7.21	-78.901
7.22	-84.251
7.23	-83.875
7.24	-76.715
7.25	-63.464
7.26	-46.411
7.27	-28.132
7.28	-10.287
7.29	6.169
7.3	20.193
7.31	30.838
7.32	38.209
7.33	43.032
7.34	45.296
7.35	44.613
7.36	41.826
7.37	38.652
7.38	35.784
7.39	32.768
7.4	29.791
7.41	27.479
7.42	26.308
7.43	27.178
7.44	31.478
7.45	38.6
7.46	46.062
7.47	52.32
7.48	57.634
7.49	61.276
7.5	61.762
7.51	59.245
7.52	55.467
7.53	50.3
7.54	42.91
7.55	34.989
7.56	30.15
7.57	28.928
7.58	29.163
7.59	30.177
7.6	34.098
7.61	42.379
7.62	54.051
7.63	66.895
7.64	79.468
7.65	91.218
7.66	101.6
7.67	109.06
7.68	112.47
7.69	112.39
7.7	110
7.71	104.29
7.72	93.587
7.73	78.44
7.74	61.333
7.75	43.168
7.76	23.938
7.77	4.587
7.78	-13.377
7.79	-30.196
7.8	-46.121
7.81	-60.1
7.82	-71.615
7.83	-81.745
7.84	-90.485
7.85	-95.853
7.86	-97.943
7.87	-99.118
7.88	-99.086
7.89	-94.114
7.9	-84.013
7.91	-73.722
7.92	-66.829
7.93	-61.426
7.94	-54.651
7.95	-46.645
7.96	-38.505
7.97	-29.897
7.98	-21.618
7.99	-16.414
8	-15.1
8.01	-15.053
8.02	-13.733
8.03	-11.199
8.04	-7.934
8.05	-2.808
8.06	5.999
8.07	17.881
8.08	30.468
8.09	42.237
8.1	53.784
8.11	65.569
8.12	76.504
8.13	84.981
8.14	91.271
8.15	96.216
8.16	98.444
8.17	95.861
8.18	89.724
8.19	82.71
8.2	74.901
8.21	64.769
8.22	53.697
8.23	44.423
8.24	37.399
8.25	31.518
8.26	28.067
8.27	28.45
8.28	31.345
8.29	35.008
8.3	39.983
8.31	45.11
8.32	45.883
8.33	39.924
8.34	29.997
8.35	18.298
8.36	3.331
8.37	-14.805
8.38	-32.475
8.39	-48.016
8.4	-62.899
8.41	-76.362
8.42	-85.014
8.43	-88.47
8.44	-89.824
8.45	-90.765
8.46	-90.613
8.47	-89.764
8.48	-88.883
8.49	-85.939
8.5	-79.403
8.51	-71.623
8.52	-65.312
8.53	-58.485
8.54	-49.201
8.55	-39.892
8.56	-33.907
8.57	-29.439
8.58	-23.666
8.59	-18.294
8.6	-16.65
8.61	-16.928
8.62	-15.095
8.63	-12.559
8.64	-14.392
8.65	-20.633
8.66	-25.947
8.67	-28.042
8.68	-29.613
8.69	-32.214
8.7	-33.536
8.71	-32.222
8.72	-29.681
8.73	-26.987
8.74	-23.409
8.75	-19.317
8.76	-16.354
8.77	-15.178
8.78	-15.065
8.79	-15.315
8.8	-15.332
8.81	-14.463
8.82	-13.583
8.83	-13.491
8.84	-12.989
8.85	-10.401
8.86	-7.589
8.87	-6.199
8.88	-3.63
8.89	3.928
8.9	15.413
8.91	27.412
8.92	39.964
8.93	55.29
8.94	71.89
8.95	86.17
8.96	97.668
8.97	108.15
8.98	117.05
8.99	123.13
9	126.74
9.01	127.9
9.02	125.4
9.03	119.87
9.04	114.39
9.05	109.65
9.06	103.09
9.07	94.343
9.08	87.388
9.09	84.122
9.1	81.999
9.11	79.63
9.12	79.177
9.13	80.215
9.14	77.943
9.15	70.345
9.16	61.517
9.17	54.402
9.18	46.051
9.19	34.357
9.2	23.714
9.21	18.875
9.22	18.601
9.23	19.554
9.24	22.19
9.25	27.123
9.26	30.603
9.27	27.882
9.28	19.125
9.29	7.327
9.3	-6.601
9.31	-22.754
9.32	-39.294
9.33	-54.297
9.34	-68.176
9.35	-81.648
9.36	-93.722
9.37	-103.04
9.38	-109.12
9.39	-111.35
9.4	-109.13
9.41	-103.46
9.42	-96.975
9.43	-91.247
9.44	-86.711
9.45	-84.014
9.46	-83.891
9.47	-85.453
9.48	-87.504
9.49	-90.253
9.5	-94.304
9.51	-99.087
9.52	-103.31
9.53	-105.94
9.54	-105.96
9.55	-102.93
9.56	-97.286
9.57	-89.635
9.58	-79.67
9.59	-66.888
9.6	-51.638
9.61	-34.681
9.62	-16.315
9.63	2.193
9.64	17.692
9.65	27.825
9.66	33.092
9.67	34.889
9.68	33.194
9.69	28.365
9.7	23.153
9.71	21.104
9.72	22.913
9.73	26.244
9.74	28.635
9.75	29.513
9.76	29.161
9.77	27.279
9.78	23.593
9.79	18.689
9.8	14.187
9.81	11.4
9.82	10.671
9.83	11.279
9.84	12.468
9.85	13.129
9.86	12.399
9.87	11.069
9.88	11.831
9.89	15.997
9.9	21.721
9.91	25.977
9.92	28.557
9.93	30.975
9.94	32.808
9.95	31.542
9.96	27.071
9.97	21.883
9.98	17.384
9.99	12.862
10	7.822
10.01	2.752
10.02	-2.673
10.03	-8.661
10.04	-12.856
10.05	-11.399
10.06	-4.137
10.07	5.613
10.08	16.192
10.09	29.452
10.1	46.221
10.11	63.798
10.12	78.892
10.13	90.936
10.14	101.04
10.15	109.06
10.16	113.32
10.17	112.39
10.18	106.75
10.19	98.296
10.2	88.634
10.21	77.571
10.22	63.81
10.23	47.927
10.24	33.333
10.25	23.759
10.26	19.755
10.27	19.676
10.28	22.38
10.29	28.54
10.3	38.383
10.31	50.988
10.32	64.73
10.33	77.502
10.34	86.103
10.35	88.595
10.36	86.148
10.37	80.875
10.38	72.093
10.39	58.17
10.4	40.097
10.41	20.22
10.42	-2.155
10.43	-28.821
10.44	-57.927
10.45	-84.528
10.46	-106.25
10.47	-124.11
10.48	-138.85
10.49	-149.79
10.5	-157.23
10.51	-162.45
10.52	-165.35
10.53	-164.72
10.54	-160.07
10.55	-152.91
10.56	-145.28
10.57	-138.31
10.58	-131.11
10.59	-123.35
10.6	-116.5
10.61	-112.26
10.62	-109.33
10.63	-105.6
10.64	-101.11
10.65	-97.769
10.66	-95.223
10.67	-92.074
10.68	-88.862
10.69	-86.168
10.7	-81.237
10.71	-71.587
10.72	-58.922
10.73	-45.359
10.74	-29.432
10.75	-10.329
10.76	8.098
10.77	21.755
10.78	31.612
10.79	39.42
10.8	42.953
10.81	39.131
10.82	29.277
10.83	16.538
10.84	2.171
10.85	-13.214
10.86	-27.721
10.87	-39.733
10.88	-49.623
10.89	-58.483
10.9	-67.424
10.91	-76.748
10.92	-84.308
10.93	-85.904
10.94	-79.707
10.95	-68.038
10.96	-54.113
10.97	-39.173
10.98	-23.984
10.99	-9.914
11	1.917
11.01	11.511
11.02	18.579
11.03	23.428
11.04	27.265
11.05	30.173
11.06	29.494
11.07	24.538
11.08	19.182
11.09	17.325
11.1	17.602
11.11	17.038
11.12	16.792
11.13	20.626
11.14	28.501
11.15	36.898
11.16	44.435
11.17	53.253
11.18	64.143
11.19	74.507
11.2	81.564
11.21	85.121
11.22	86.43
11.23	86.171
11.24	84.123
11.25	79.89
11.26	74.086
11.27	68.941
11.28	66.506
11.29	66.191
11.3	65.848
11.31	65.202
11.32	65.869
11.33	67.09
11.34	65.749
11.35	61.133
11.36	56.781
11.37	54.744
11.38	53.34
11.39	51.568
11.4	51.999
11.41	56.513
11.42	63.235
11.43	70.253
11.44	78.293
11.45	87.61
11.46	95.339
11.47	99.272
11.48	100.31
11.49	99.545
11.5	95.653
11.51	88.272
11.52	80.204
11.53	74.576
11.54	71.455
11.55	69.414
11.56	67.086
11.57	62.884
11.58	55.539
11.59	45.69
11.6	34.956
11.61	24.115
11.62	14.234
11.63	8.017
11.64	7.535
11.65	11.58
11.66	18.158
11.67	27.462
11.68	39.886
11.69	53.086
11.7	64.484
11.71	74.149
11.72	82.696
11.73	88.101
11.74	87.919
11.75	82.832
11.76	75.647
11.77	68.278
11.78	61.684
11.79	56.959
11.8	54.349
11.81	52.453
11.82	50.148
11.83	47.793
11.84	45.603
11.85	41.74
11.86	34.492
11.87	23.464
11.88	8.823
11.89	-10.095
11.9	-32.539
11.91	-56.36
11.92	-80.075
11.93	-104.22
11.94	-128.53
11.95	-151.36
11.96	-171.6
11.97	-188.81
11.98	-200.7
11.99	-204.06
12	-198.81
12.01	-187.84
12.02	-172.48
12.03	-152.05
12.04	-128.8
12.05	-107.62
12.06	-90.8
12.07	-76.783
12.08	-64.804
12.09	-56.783
12.1	-54.188
12.11	-56.167
12.12	-61.863
12.13	-70.606
12.14	-80.474
12.15	-89.437
12.16	-98.111
12.17	-106.76
12.18	-112.76
12.19	-113.54
12.2	-111.4
12.21	-110.47
12.22	-110.68
12.23	-108.85
12.24	-104.55
12.25	-100.63
12.26	-97.866
12.27	-95.027
12.28	-91.963
12.29	-89.989
12.3	-88.347
12.31	-85.804
12.32	-82.562
12.33	-79.541
12.34	-75.231
12.35	-67.317
12.36	-54.982
12.37	-39.632
12.38	-22.733
12.39	-5.766
12.4	10.101
12.41	24.153
12.42	36.504
12.43	46.652
12.44	54.384
12.45	59.846
12.46	62.916
12.47	63.325
12.48	62.451
12.49	61.629
12.5	60.119
12.51	57.073
12.52	54.873
12.53	56.308
12.54	60.219
12.55	62.546
12.56	62.34
12.57	61.208
12.58	59.362
12.59	54.997
12.6	48.495
12.61	41.519
12.62	34.287
12.63	25.848
12.64	16.493
12.65	7.002
12.66	-2.924
12.67	-13.378
12.68	-23.334
12.69	-31.384
12.7	-36.556
12.71	-37.854
12.72	-35.005
12.73	-28.324
12.74	-17.149
12.75	0.303
12.76	23.249
12.77	47.578
12.78	69.565
12.79	88.724
12.8	104.24
12.81	114.15
12.82	118.57
12.83	120.45
12.84	120.16
12.85	115.29
12.86	106.43
12.87	98.019
12.88	91.823
12.89	85.086
12.9	77.487
12.91	73.432
12.92	75.38
12.93	79.65
12.94	82.744
12.95	86.729
12.96	95.388
12.97	107.34
12.98	118.09
12.99	126.53
13	134.96
13.01	143.05
13.02	147.43
13.03	147.24
13.04	146.32
13.05	146.95
13.06	146.78
13.07	143.5
13.08	140.22
13.09	139.47
13.1	137.91
13.11	130.26
13.12	116.78
13.13	100.69
13.14	82.322
13.15	60.009
13.16	34.968
13.17	11.03
13.18	-9.855
13.19	-28.386
13.2	-44.898
13.21	-58.262
13.22	-67.589
13.23	-73.274
13.24	-76.308
13.25	-77.558
13.26	-77.792
13.27	-78.038
13.28	-80.002
13.29	-85.563
13.3	-95.647
13.31	-109.23
13.32	-124.31
13.33	-139.71
13.34	-155.78
13.35	-172.16
13.36	-186.23
13.37	-195.09
13.38	-199.33
13.39	-201.36
13.4	-201.05
13.41	-195.7
13.42	-185.87
13.43	-175.59
13.44	-167.22
13.45	-158.86
13.46	-148.66
13.47	-136.04
13.48	-119.09
13.49	-95.025
13.5	-65.758
13.51	-37.881
13.52	-15.409
13.53	3.429
13.54	20.654
13.55	33.606
13.56	38.694
13.57	36.449
13.58	30.389
13.59	22.062
13.6	10.86
13.61	-2.733
13.62	-16.76
13.63	-30.415
13.64	-44.351
13.65	-58.539
13.66	-72.138
13.67	-84.892
13.68	-96.483
13.69	-104.87
13.7	-107.1
13.71	-101.71
13.72	-88.875
13.73	-69.444
13.74	-45.552
13.75	-20.885
13.76	1.695
13.77	21.724
13.78	39.021
13.79	52.618
13.8	61.627
13.81	65.626
13.82	63.799
13.83	56.642
13.84	47.058
13.85	38.319
13.86	31.342
13.87	26.076
13.88	24.104
13.89	26.872
13.9	32.96
13.91	39.779
13.92	46.852
13.93	54.949
13.94	63.81
13.95	72.163
13.96	79.315
13.97	85.55
13.98	91.546
13.99	96.983
14	101.08
14.01	103.23
14.02	104.58
14.03	106.4
14.04	108.53
14.05	108.41
14.06	104.52
14.07	97.619
14.08	89.117
14.09	78.661
14.1	64.717
14.11	46.521
14.12	24.445
14.13	-0.541
14.14	-27.145
14.15	-52.866
14.16	-75.046
14.17	-92.848
14.18	-107.13
14.19	-118
14.2	-123.71
14.21	-122.78
14.22	-116.28
14.23	-107.27
14.24	-98.049
14.25	-88.579
14.26	-77.575
14.27	-63.917
14.28	-47.516
14.29	-28.62
14.3	-8.331
14.31	11.428
14.32	28.388
14.33	41.603
14.34	50.832
14.35	55.37
14.36	55.101
14.37	51.314
14.38	45.272
14.39	35.555
14.4	20.732
14.41	2.171
14.42	-16.511
14.43	-33.689
14.44	-49.902
14.45	-65.775
14.46	-80.707
14.47	-93.502
14.48	-102.26
14.49	-105.38
14.5	-102.95
14.51	-96.99
14.52	-89.047
14.53	-79.561
14.54	-69.051
14.55	-58.979
14.56	-51.01
14.57	-46.061
14.58	-44.056
14.59	-43.609
14.6	-43.262
14.61	-42.6
14.62	-41.916
14.63	-40.678
14.64	-38.31
14.65	-35.818
14.66	-34.793
14.67	-34.943
14.68	-34.88
14.69	-34.891
14.7	-36.408
14.71	-38.533
14.72	-38.492
14.73	-35.558
14.74	-31.588
14.75	-27.163
14.76	-20.875
14.77	-12.492
14.78	-4.012
14.79	3.423
14.8	10.678
14.81	18.776
14.82	28.27
14.83	40.282
14.84	55.328
14.85	71.656
14.86	87.527
14.87	103.2
14.88	119.14
14.89	133.88
14.9	146.49
14.91	157.74
14.92	167.99
14.93	175.75
14.94	180.43
14.95	183.26
14.96	185.45
14.97	187.63
14.98	190.78
14.99	194.58
15	195.95
15.01	192.97
15.02	187.42
15.03	181.38
15.04	173.8
15.05	163.51
15.06	151.68
15.07	139.8
15.08	128
15.09	117.17
15.1	109.14
15.11	103.53
15.12	98.23
15.13	92.746
15.14	87.951
15.15	82.999
15.16	76.779
15.17	70.78
15.18	66.943
15.19	64.342
15.2	61.051
15.21	57.188
15.22	53.69
15.23	49.842
15.24	44.182
15.25	36.602
15.26	27.688
15.27	18.021
15.28	8.49
15.29	0.12
15.3	-7.853
15.31	-16.492
15.32	-24.951
15.33	-31.254
15.34	-35.465
15.35	-39.017
15.36	-41.605
15.37	-41.121
15.38	-36.745
15.39	-30.351
15.4	-24.356
15.41	-19.886
15.42	-17.572
15.43	-18.274
15.44	-22.493
15.45	-30.297
15.46	-41.688
15.47	-55.225
15.48	-68.677
15.49	-81.556
15.5	-94.968
15.51	-107.24
15.52	-113.59
15.53	-111.69
15.54	-104.9
15.55	-97.252
15.56	-88.756
15.57	-78.965
15.58	-70.095
15.59	-63.759
15.6	-58.786
15.61	-55.583
15.62	-57.025
15.63	-63.235
15.64	-69.775
15.65	-73.501
15.66	-74.879
15.67	-73.706
15.68	-67.485
15.69	-56.798
15.7	-45.585
15.71	-35.72
15.72	-26.328
15.73	-18.99
15.74	-16.438
15.75	-17.706
15.76	-19.976
15.77	-23.913
15.78	-31.733
15.79	-41.806
15.8	-51.201
15.81	-60.246
15.82	-69.874
15.83	-76.377
15.84	-77.055
15.85	-75.264
15.86	-75.433
15.87	-75.484
15.88	-72.128
15.89	-67.977
15.9	-67.817
15.91	-70.675
15.92	-72.362
15.93	-73.018
15.94	-75.903
15.95	-81.144
15.96	-85.234
15.97	-86.146
15.98	-84.594
15.99	-80.795
16	-73.996
16.01	-64.966
16.02	-55.925
16.03	-46.84
16.04	-35.743
16.05	-22.24
16.06	-8.757
16.07	3.078
16.08	13.807
16.09	22.969
16.1	27.05
16.11	23.816
16.12	15.961
16.13	7.114
16.14	-3.826
16.15	-19.602
16.16	-38.539
16.17	-55.523
16.18	-68.79
16.19	-80.157
16.2	-89.358
16.21	-92.363
16.22	-87.805
16.23	-79.722
16.24	-71.356
16.25	-60.444
16.26	-44.023
16.27	-24.868
16.28	-7.881
16.29	6.085
16.3	18.725
16.31	28.303
16.32	31.55
16.33	29.634
16.34	27.088
16.35	24.807
16.36	19.402
16.37	10.283
16.38	1.475
16.39	-4.911
16.4	-11.014
16.41	-17.691
16.42	-22.082
16.43	-22.423
16.44	-20.638
16.45	-18.54
16.46	-15.11
16.47	-9.172
16.48	-2.029
16.49	4.829
16.5	11.087
16.51	16.221
16.52	19.594
16.53	22.134
16.54	24.748
16.55	25.523
16.56	22.567
16.57	17.116
16.58	11.372
16.59	3.947
16.6	-6.777
16.61	-18.492
16.62	-27.999
16.63	-35.864
16.64	-43.225
16.65	-47.528
16.66	-46.394
16.67	-41.79
16.68	-36.461
16.69	-29.237
16.7	-18.328
16.71	-5.808
16.72	5.236
16.73	14.561
16.74	22.83
16.75	29.508
16.76	34.547
16.77	38.892
16.78	42.394
16.79	44.906
16.8	47.816
16.81	52.505
16.82	58.455
16.83	65.071
16.84	72.33
16.85	79.089
16.86	83.418
16.87	85.639
16.88	86.271
16.89	82.802
16.9	72.846
16.91	60.01
16.92	49.193
16.93	39.913
16.94	29.818
16.95	21.996
16.96	21.218
16.97	26.304
16.98	33.025
16.99	40.343
17	48.981
17.01	57.015
17.02	62.966
17.03	68.252
17.04	73.618
17.05	77.107
17.06	78.18
17.07	79.052
17.08	80.315
17.09	80.422
17.1	79.499
17.11	79.695
17.12	81.048
17.13	81.798
17.14	81.899
17.15	82.843
17.16	84.438
17.17	85.644
17.18	86.952
17.19	89.053
17.2	90.96
17.21	91.457
17.22	90.705
17.23	89.169
17.24	87.038
17.25	84.963
17.26	83.313
17.27	80.794
17.28	76.34
17.29	71.762
17.3	69.246
17.31	68.293
17.32	66.903
17.33	65.329
17.34	64.59
17.35	63.988
17.36	61.508
17.37	57.072
17.38	51.651
17.39	45.077
17.4	36.664
17.41	26.667
17.42	15.977
17.43	4.894
17.44	-6.047
17.45	-15.729
17.46	-22.68
17.47	-26.149
17.48	-26.171
17.49	-23.547
17.5	-19.101
17.51	-12.902
17.52	-5.167
17.53	2.897
17.54	9.987
17.55	16.178
17.56	21.135
17.57	23.211
17.58	21.133
17.59	16.418
17.6	11.053
17.61	4.691
17.62	-3.61
17.63	-12.589
17.64	-20.491
17.65	-27.93
17.66	-36.141
17.67	-44.475
17.68	-51.298
17.69	-56.194
17.7	-59.651
17.71	-61.723
17.72	-62.206
17.73	-61.236
17.74	-58.966
17.75	-56.221
17.76	-54.407
17.77	-53.712
17.78	-52.302
17.79	-49.307
17.8	-46.504
17.81	-45.262
17.82	-44.532
17.83	-43.209
17.84	-42.62
17.85	-43.489
17.86	-44.411
17.87	-44.27
17.88	-43.804
17.89	-42.877
17.9	-39.891
17.91	-34.667
17.92	-29.061
17.93	-24.145
17.94	-19.783
17.95	-16.493
17.96	-15.291
17.97	-15.596
17.98	-16.905
17.99	-20.474
18	-27.195
18.01	-35.38
18.02	-43.192
18.03	-51.03
18.04	-59.373
18.05	-67.356
18.06	-74.172
18.07	-80.458
18.08	-86.13
18.09	-90.037
18.1	-92.368
18.11	-95.033
18.12	-98.207
18.13	-99.962
18.14	-99.843
18.15	-99.699
18.16	-100.47
18.17	-100.78
18.18	-99.586
18.19	-97.944
18.2	-96.799
18.21	-95.311
18.22	-92.84
18.23	-90.194
18.24	-87.856
18.25	-84.806
18.26	-80.985
18.27	-78.058
18.28	-77.136
18.29	-76.255
18.3	-73.729
18.31	-70.496
18.32	-68.616
18.33	-67.965
18.34	-67.512
18.35	-66.771
18.36	-65.547
18.37	-63.173
18.38	-59.733
18.39	-56.498
18.4	-53.805
18.41	-50.287
18.42	-44.881
18.43	-38.367
18.44	-32.18
18.45	-26.842
18.46	-21.958
18.47	-16.805
18.48	-11.637
18.49	-7.57
18.5	-5.614
18.51	-4.563
18.52	-2.542
18.53	0.59
18.54	3.556
18.55	6.764
18.56	11.666
18.57	18.258
18.58	25.346
18.59	32.939
18.6	41.978
18.61	52.108
18.62	61.758
18.63	70.105
18.64	77.389
18.65	83.873
18.66	89.932
18.67	95.669
18.68	100.05
18.69	101.9
18.7	101.84
18.71	101.08
18.72	99.186
18.73	95.723
18.74	92.162
18.75	89.723
18.76	86.251
18.77	80.193
18.78	74.027
18.79	71.046
18.8	69.681
18.81	67.128
18.82	64.319
18.83	63.899
18.84	64.31
18.85	62.528
18.86	59.419
18.87	58.544
18.88	60.327
18.89	62.731
18.9	65.221
18.91	68.667
18.92	72.707
18.93	76.601
18.94	81.11
18.95	86.863
18.96	92.744
18.97	97.201
18.98	99.896
18.99	100.63
19	99.175
19.01	96.388
19.02	93.61
19.03	89.805
19.04	83.188
19.05	74.721
19.06	67.44
19.07	61.396
19.08	54.284
19.09	45.608
19.1	37.57
19.11	30.741
19.12	23.531
19.13	15.58
19.14	8.59
19.15	2.888
19.16	-2.618
19.17	-7.612
19.18	-10.718
19.19	-12.622
19.2	-15.164
19.21	-17.899
19.22	-18.76
19.23	-18.31
19.24	-19.327
19.25	-22.218
19.26	-24.793
19.27	-26.476
19.28	-29.115
19.29	-33.525
19.3	-38.001
19.31	-41.052
19.32	-43.777
19.33	-47.842
19.34	-52.695
19.35	-56.711
19.36	-60.055
19.37	-64.035
19.38	-68.523
19.39	-71.6
19.4	-72.746
19.41	-74.054
19.42	-76.951
19.43	-79.736
19.44	-80.37
19.45	-79.42
19.46	-77.703
19.47	-74.34
19.48	-68.955
19.49	-63.546
19.5	-59.364
19.51	-55.171
19.52	-50.152
19.53	-46.123
19.54	-44.142
19.55	-42.551
19.56	-40.229
19.57	-39.129
19.58	-40.487
19.59	-42.378
19.6	-42.747
19.61	-42.517
19.62	-43.01
19.63	-43.285
19.64	-42.012
19.65	-39.726
19.66	-37.435
19.67	-34.467
19.68	-30.11
19.69	-24.971
19.7	-19.941
19.71	-14.523
19.72	-8.512
19.73	-3.085
19.74	1.11
19.75	5.182
19.76	9.947
19.77	13.989
19.78	16.07
19.79	17.214
19.8	19.231
19.81	21.659
19.82	23.195
19.83	23.823
19.84	24.508
19.85	25.346
19.86	26.482
19.87	28.116
19.88	30.131
19.89	31.523
19.9	31.905
19.91	31.69
19.92	31.644
19.93	32.106
19.94	33.134
19.95	34.182
19.96	34.908
19.97	36.333
19.98	39.739
19.99	44.185
20	47.934
20.01	51.521
20.02	56.565
20.03	62.17
20.04	66.49
20.05	70.136
20.06	74.833
20.07	79.393
20.08	81.505
20.09	81.438
20.1	80.798
20.11	78.851
20.12	74.154
20.13	67.816
20.14	61.288
20.15	53.927
20.16	44.742
20.17	35.085
20.18	26.26
20.19	18.138
20.2	10.789
20.21	5.3
20.22	1.689
20.23	-1.365
20.24	-4.114
20.25	-6.309
20.26	-8.814
20.27	-12.369
20.28	-15.426
20.29	-16.573
20.3	-17.609
20.31	-20.77
20.32	-25.076
20.33	-28.104
20.34	-30.204
20.35	-33.279
20.36	-37.524
20.37	-41.308
20.38	-43.64
20.39	-44.712
20.4	-44.835
20.41	-44.046
20.42	-42.305
20.43	-39.71
20.44	-36.657
20.45	-33.883
20.46	-31.346
20.47	-28.212
20.48	-24.38
20.49	-21.238
20.5	-19.668
20.51	-18.85
20.52	-17.634
20.53	-16.308
20.54	-15.795
20.55	-16.548
20.56	-17.933
20.57	-19.268
20.58	-20.317
20.59	-21.469
20.6	-22.486
20.61	-22.583
20.62	-21.331
20.63	-19.573
20.64	-18.309
20.65	-17.554
20.66	-17.004
20.67	-17.093
20.68	-17.802
20.69	-18.047
20.7	-17.635
20.71	-18.245
20.72	-20.534
20.73	-22.692
20.74	-22.828
20.75	-21.551
20.76	-20.289
20.77	-19.398
20.78	-18.599
20.79	-18.265
20.8	-18.302
20.81	-18.066
20.82	-17.55
20.83	-17.593
20.84	-18.296
20.85	-18.928
20.86	-19.16
20.87	-18.895
20.88	-17.593
20.89	-14.876
20.9	-11.68
20.91	-8.947
20.92	-6.333
20.93	-3.335
20.94	-0.335
20.95	2.43
20.96	5.866
20.97	9.909
20.98	13.259
20.99	14.756
21	15.444
21.01	16.727
21.02	18.639
21.03	19.45
21.04	18.209
21.05	15.982
21.06	14.871
21.07	15.588
21.08	16.718
21.09	16.933
21.1	16.903
21.11	17.781
21.12	19.01
21.13	19.363
21.14	19.286
21.15	19.641
21.16	20.238
21.17	20.474
21.18	20.809
21.19	21.426
21.2	21.344
21.21	19.604
21.22	16.599
21.23	13.663
21.24	11.282
21.25	9.237
21.26	6.965
21.27	4.7
21.28	2.931
21.29	1.81
21.3	0.529
21.31	-0.622
21.32	-0.208
21.33	1.4
21.34	1.541
21.35	-0.296
21.36	-0.777
21.37	1.52
21.38	3.282
21.39	2.161
21.4	1.079
21.41	2.541
21.42	3.998
21.43	2.953
21.44	1.63
21.45	2.578
21.46	4.279
21.47	4.636
21.48	4.478
21.49	4.896
21.5	5.044
21.51	4.55
21.52	4.386
21.53	4.343
21.54	3.104
21.55	1.156
21.56	-0.242
21.57	-1.698
21.58	-4.493
21.59	-7.364
21.6	-8.556
21.61	-8.685
21.62	-9.698
21.63	-11.384
21.64	-12.325
21.65	-12.329
21.66	-12.37
21.67	-12.461
21.68	-12.116
21.69	-11.487
21.7	-11.23
21.71	-10.991
21.72	-10.03
21.73	-7.851
21.74	-5.151
21.75	-2.551
21.76	-0.286
21.77	1.745
21.78	2.922
21.79	3.08
21.8	2.983
21.81	3.576
21.82	4.498
21.83	4.685
21.84	3.599
21.85	1.805
21.86	-0.517
21.87	-3.262
21.88	-6.044
21.89	-8.053
21.9	-9.68
21.91	-11.642
21.92	-14.404
21.93	-17.135
21.94	-18.991
21.95	-19.85
21.96	-20.105
21.97	-19.25
21.98	-16.765
21.99	-13.207
22	-10.013
22.01	-7.644
22.02	-5.58
22.03	-3.439
22.04	-1.874
22.05	-0.942
22.06	0.169
22.07	1.807
22.08	3.046
22.09	3.269
22.1	2.976
22.11	2.977
22.12	3.343
22.13	3.411
22.14	2.49
22.15	0.651
22.16	-1.082
22.17	-1.713
22.18	-1.462
22.19	-1.388
22.2	-1.831
22.21	-1.882
22.22	-0.98
22.23	0.34
22.24	1.537
22.25	3.22
22.26	5.769
22.27	8.635
22.28	11.3
22.29	14.213
22.3	17.42
22.31	19.898
22.32	21.232
22.33	22.356
22.34	23.988
22.35	24.861
22.36	24.218
22.37	23.177
22.38	23.444
22.39	24.352
22.4	24.339
22.41	23.012
22.42	21.512
22.43	21.168
22.44	22.492
22.45	24.628
22.46	25.727
22.47	24.922
22.48	23.34
22.49	21.948
22.5	19.741
22.51	15.541
22.52	10.64
22.53	7.047
22.54	4.75
22.55	2.428
22.56	-0.317
22.57	-2.815
22.58	-4.797
22.59	-6.225
22.6	-6.733
22.61	-6.361
22.62	-6.043
22.63	-6.59
22.64	-7.658
22.65	-8.85
22.66	-10.168
22.67	-11.937
22.68	-14.203
22.69	-16.861
22.7	-19.558
22.71	-22.039
22.72	-24.085
22.73	-25.408
22.74	-25.831
22.75	-25.878
22.76	-26.253
22.77	-26.537
22.78	-25.564
22.79	-23.521
22.8	-22.124
22.81	-21.768
22.82	-20.872
22.83	-18.653
22.84	-16.588
22.85	-15.581
22.86	-14.694
22.87	-12.947
22.88	-10.866
22.89	-8.514
22.9	-5.229
22.91	-1.02
22.92	3.035
22.93	6.852
22.94	10.812
22.95	14.278
22.96	16.535
22.97	18.591
22.98	21.244
22.99	22.491
23	20.19
23.01	15.948
23.02	13.048
23.03	11.481
23.04	9.131
23.05	5.865
23.06	3.428
23.07	2.1
23.08	0.907
23.09	-0.031
23.1	0.138
23.11	0.916
23.12	1.39
23.13	2.153
23.14	4.237
23.15	6.996
23.16	9.249
23.17	10.979
23.18	13.047
23.19	15.279
23.2	16.913
23.21	17.44
23.22	16.819
23.23	15.151
23.24	13.178
23.25	11.686
23.26	10.568
23.27	9.231
23.28	7.962
23.29	7.853
23.3	9.255
23.31	11.233
23.32	13.247
23.33	15.852
23.34	19.256
23.35	22.002
23.36	22.998
23.37	23.047
23.38	23.522
23.39	23.937
23.4	22.821
23.41	20.216
23.42	17.408
23.43	14.976
23.44	12.04
23.45	8.735
23.46	6.279
23.47	5.264
23.48	4.589
23.49	3.545
23.5	2.529
23.51	1.826
23.52	0.956
23.53	-0.459
23.54	-1.75
23.55	-2.328
23.56	-2.596
23.57	-3.512
23.58	-5.061
23.59	-6.612
23.6	-8.003
23.61	-10.114
23.62	-13.341
23.63	-16.512
23.64	-18.068
23.65	-18.558
23.66	-19.879
23.67	-22.135
23.68	-23.657
23.69	-24.204
23.7	-25.447
23.71	-27.375
23.72	-28.144
23.73	-27.524
23.74	-27.808
23.75	-29.307
23.76	-29.841
23.77	-28.679
23.78	-27.809
23.79	-27.732
23.8	-26.951
23.81	-25.605
23.82	-25.624
23.83	-27.108
23.84	-27.929
23.85	-27.88
23.86	-28.342
23.87	-29.357
23.88	-29.425
23.89	-28.921
23.9	-28.803
23.91	-28.794
23.92	-27.826
23.93	-26.259
23.94	-24.727
23.95	-23.421
23.96	-22.487
23.97	-22.231
23.98	-21.646
23.99	-19.558
24	-17.153
24.01	-16.636
24.02	-17.317
24.03	-16.307
24.04	-12.848
24.05	-9.183
24.06	-6.918
24.07	-5.382
24.08	-3.554
24.09	-2.027
24.1	-1.347
24.11	-0.688
24.12	1.258
24.13	4.08
24.14	6.194
24.15	7.057
24.16	8.12
24.17	10.831
24.18	14.79
24.19	18.624
24.2	21.822
24.21	24.918
24.22	28.301
24.23	31.645
24.24	34.392
24.25	36.012
24.26	36.473
24.27	36.187
24.28	35.814
24.29	35.324
24.3	34.405
24.31	32.769
24.32	30.391
24.33	27.288
24.34	23.906
24.35	20.716
24.36	17.848
24.37	14.997
24.38	12.221
24.39	9.709
24.4	7.723
24.41	6.155
24.42	5.092
24.43	4.757
24.44	5.322
24.45	6.48
24.46	7.937
24.47	9.618
24.48	11.266
24.49	12.439
24.5	12.896
24.51	12.695
24.52	11.791
24.53	9.796
24.54	6.63
24.55	3.2
24.56	0.32
24.57	-2.613
24.58	-6.382
24.59	-10.04
24.6	-11.68
24.61	-11.101
24.62	-10.145
24.63	-10.255
24.64	-10.02
24.65	-7.479
24.66	-2.879
24.67	1.493
24.68	4.593
24.69	6.664
24.7	8.158
24.71	8.525
24.72	8.204
24.73	8.118
24.74	8.396
24.75	7.603
24.76	5.751
24.77	4.221
24.78	3.866
24.79	3.427
24.8	1.33
24.81	-2.386
24.82	-6.088
24.83	-8.515
24.84	-10.038
24.85	-11.911
24.86	-14.639
24.87	-16.999
24.88	-17.863
24.89	-17.772
24.9	-18.046
24.91	-18.645
24.92	-18.816
24.93	-18.273
24.94	-17.461
24.95	-16.791
24.96	-16.36
24.97	-15.983
24.98	-15.241
24.99	-14.035
25	-12.824
25.01	-12.149
25.02	-11.718
25.03	-11.262
25.04	-11.15
25.05	-11.699
25.06	-12.296
25.07	-12.447
25.08	-12.308
25.09	-12.039
25.1	-11.444
25.11	-10.501
25.12	-9.351
25.13	-7.902
25.14	-6.025
25.15	-4.025
25.16	-2.135
25.17	-0.01
25.18	2.61
25.19	5.088
25.2	6.924
25.21	8.578
25.22	10.522
25.23	12.567
25.24	14.447
25.25	16.53
25.26	18.998
25.27	21.617
25.28	24.212
25.29	26.937
25.3	29.693
25.31	32.452
25.32	35.603
25.33	38.503
25.34	39.624
25.35	38.649
25.36	37.633
25.37	37.636
25.38	37.195
25.39	34.858
25.4	32.062
25.41	30.116
25.42	28.218
25.43	25.806
25.44	24.27
25.45	23.855
25.46	22.723
25.47	20.716
25.48	20.196
25.49	21.727
25.5	22.563
25.51	21.441
25.52	20.603
25.53	21.39
25.54	22.313
25.55	22.287
25.56	22.25
25.57	22.128
25.58	20.483
25.59	17.158
25.6	13.752
25.61	11.042
25.62	8.166
25.63	4.87
25.64	1.563
25.65	-1.515
25.66	-4.447
25.67	-6.648
25.68	-8.398
25.69	-10.393
25.7	-12.352
25.71	-12.783
25.72	-11.746
25.73	-10.861
25.74	-10.769
25.75	-10.305
25.76	-9.172
25.77	-8.562
25.78	-8.724
25.79	-8.639
25.8	-8.386
25.81	-9.083
25.82	-10.608
25.83	-11.578
25.84	-12.139
25.85	-13.81
25.86	-16.858
25.87	-19.638
25.88	-21.477
25.89	-23.231
25.9	-25.295
25.91	-26.922
25.92	-27.727
25.93	-28.08
25.94	-28.243
25.95	-28.21
25.96	-28.232
25.97	-28.367
25.98	-28.037
25.99	-26.953
26	-26.105
26.01	-26.262
26.02	-26.397
26.03	-25.026
26.04	-22.764
26.05	-21.623
26.06	-21.933
26.07	-21.917
26.08	-20.629
26.09	-19.493
26.1	-19.91
26.11	-21.151
26.12	-21.779
26.13	-22.023
26.14	-22.899
26.15	-24.228
26.16	-24.911
26.17	-24.588
26.18	-23.769
26.19	-22.73
26.2	-21.218
26.21	-18.946
26.22	-16.177
26.23	-13.378
26.24	-10.743
26.25	-8.089
26.26	-5.476
26.27	-3.476
26.28	-2.426
26.29	-1.886
26.3	-1.467
26.31	-1.666
26.32	-2.726
26.33	-3.954
26.34	-4.595
26.35	-5.181
26.36	-6.121
26.37	-7.015
26.38	-7.142
26.39	-6.753
26.4	-5.996
26.41	-5.052
26.42	-4.492
26.43	-4.665
26.44	-4.578
26.45	-3.123
26.46	-0.84
26.47	1.164
26.48	2.957
26.49	5.029
26.5	6.6
26.51	7.013
26.52	7.189
26.53	8.118
26.54	9.114
26.55	9.28
26.56	9.009
26.57	9.019
26.58	9.139
26.59	9.046
26.6	8.914
26.61	8.854
26.62	8.944
26.63	9.647
26.64	10.965
26.65	11.552
26.66	10.555
26.67	9.137
26.68	8.824
26.69	8.894
26.7	7.649
26.71	4.944
26.72	2.283
26.73	0.207
26.74	-1.94
26.75	-4.638
26.76	-7.113
26.77	-8.684
26.78	-8.975
26.79	-8.2
26.8	-6.732
26.81	-5.118
26.82	-3.226
26.83	-0.718
26.84	2.367
26.85	5.134
26.86	6.829
26.87	7.727
26.88	8.67
26.89	9.749
26.9	10.307
26.91	10.153
26.92	9.883
26.93	9.986
26.94	10.126
26.95	9.916
26.96	9.79
26.97	10.747
26.98	12.883
26.99	15.156
27	16.623
27.01	17.364
27.02	17.611
27.03	17.211
27.04	16.447
27.05	16.213
27.06	16.752
27.07	16.86
27.08	15.472
27.09	13.141
27.1	11.042
27.11	9.129
27.12	7.016
27.13	5.356
27.14	4.646
27.15	3.878
27.16	2.209
27.17	0.567
27.18	0.044
27.19	-0.126
27.2	-1.122
27.21	-2.452
27.22	-2.915
27.23	-2.757
27.24	-2.811
27.25	-2.996
27.26	-2.97
27.27	-3.035
27.28	-3.017
27.29	-2.16
27.3	-0.858
27.31	-0.587
27.32	-1.093
27.33	-0.509
27.34	1.236
27.35	1.816
27.36	0.67
27.37	0.083
27.38	1.369
27.39	2.84
27.4	3.187
27.41	3.489
27.42	4.545
27.43	5.455
27.44	6.024
27.45	7.649
27.46	10.311
27.47	12.115
27.48	12.586
27.49	13.6
27.5	15.798
27.51	17.368
27.52	17.299
27.53	16.9
27.54	17.146
27.55	17.297
27.56	16.948
27.57	16.857
27.58	17.141
27.59	17.035
27.6	16.71
27.61	16.901
27.62	16.975
27.63	15.764
27.64	14.011
27.65	13.015
27.66	11.989
27.67	9.276
27.68	5.678
27.69	3.047
27.7	1.19
27.71	-1.413
27.72	-4.353
27.73	-6.181
27.74	-7.03
27.75	-7.987
27.76	-8.747
27.77	-8.497
27.78	-7.546
27.79	-6.52
27.8	-5.311
27.81	-4.058
27.82	-3.083
27.83	-2.292
27.84	-1.553
27.85	-1.796
27.86	-3.426
27.87	-5.438
27.88	-6.758
27.89	-7.787
27.9	-9.199
27.91	-11.075
27.92	-13.412
27.93	-15.802
27.94	-17.381
27.95	-18.362
